37
3 450 172 465 64 476 121
3 0 160 39 61 76 124
3 122 155 153 71 169 150
3 574 277 636 281 622 383
3 364 106 411 97 441 155
3 605 172 654 139 615 229
3 708 64 749 91 717 175
3 274 313 285 295 302 346
3 6 221 60 250 7 296
3 374 217 398 172 407 277
3 676 289 657 373 640 322
3 333 59 365 128 312 148
3 497 285 522 211 558 289
3 100 0 170 20 120 70
3 337 151 373 140 348 214
3 96 61 104 154 80 165
3 271 142 297 209 279 236
3 48 307 33 406 6 340
3 504 115 530 154 489 205
3 668 46 666 131 605 122
3 276 259 336 253 370 321
3 224 295 158 313 171 232
3 699 271 743 323 703 376
3 93 223 136 331 86 334
3 753 251 770 273 767 332
3 298 114 335 24 260 42
3 792 178 766 213 750 191
3 243 244 254 273 240 303
3 439 273 467 204 467 316
3 68 201 97 163 80 232
3 549 148 584 151 552 225
3 564 131 544 63 621 79
3 464 366 403 377 418 313
3 240 212 213 10 249 89
3 729 192 714 240 663 184
3 171 172 188 213 116 223
3 57 334 70 288 69 408