23
3 11 206 46 171 111 171
3 111 171 81 206 11 206
3 10 38 46 171 11 206
3 10 38 46 0 46 171
3 46 171 111 171 111 106
3 146 36 146 71 46 171
3 111 0 146 36 46 171
3 46 0 111 0 46 171
3 177 196 211 0 217 59
3 211 0 231 190 260 0
3 260 0 292 196 252 59
3 352 195 352 0 397 195
3 397 195 397 0 352 0
3 466 196 496 0 466 31
3 496 166 496 0 466 196
3 596 66 496 66 496 166
3 650 196 685 0 650 36
3 650 196 685 166 685 0
3 780 166 650 196 685 166
3 685 114 780 84 685 84
3 561 196 561 101 596 66
3 561 196 596 161 596 66
3 596 66 596 0 526 66