12
4 400 185 650 185 650 255 400 255
5 497 10 598 19 604 102 549 165 447 141
7 320 165 380 165 380 285 510 285 510 305 420 305 320 305
4 300 55 360 45 380 135 320 145
4 200 35 280 35 280 215 200 215
5 170 215 300 265 300 325 180 305 150 245
6 90 35 130 95 170 55 180 155 120 195 70 135
4 400 125 430 145 410 175 380 155
4 90 225 140 225 130 265 90 285
5 540 280 541 280 800 280 800 400 540 400
10 380 340 381 340 520 340 460 380 540 440 720 460 420 460 140 440 140 300 280 380
4 80 300 81 300 140 280 120 360
621 162